0 off
1 sandybrown
2 purple
3 khaki
4 darkseagreen
5 default

#camo
wiggle
solid
1,2,2,1,
2,3,3,2,0,400,

2,3,3,2,
3,4,4,3,0,400,

3,4,4,3,
4,1,1,4,0,400,

4,1,1,4,
1,2,2,1,0,400

#ink
fasttwinkle
1,2,2,1,
2,3,3,2,0,200,

2,3,3,2,
3,4,4,3,0,200,

3,4,4,3,
4,1,1,4,0,200,

4,1,1,4,
1,2,2,1,0,200



#doubleink
fasttwinkle

1,1,1,1,
1,1,1,1,200,300,

5,5,5,5,
5,5,5,5,0,300,

2,2,2,2,
2,2,2,2,200,300,

5,5,5,5,
5,5,5,5,0,300,

3,3,3,3,
3,3,3,3,200,300,

5,5,5,5,
5,5,5,5,0,300,

4,4,4,4,
4,4,4,4,200,300,

5,5,5,5,
5,5,5,5,0,300