0 off
1 red
2 blue
3 purple

#camo
solid

1,0,0,1,
0,0,0,0,500,100,

0,1,1,0,
1,0,0,1,500,100,

0,0,0,0,
0,1,1,0,500,100,

0,0,0,0,
0,0,0,0,1000,0,

0,1,1,0,
0,1,1,0,100,200,

0,2,2,0,
0,2,2,0,100,200,

2,0,0,2,
2,0,0,2,100,200,

3,0,0,3,
3,0,0,3,100,200,

0,0,0,0,
0,0,0,0,1000,0

#ink
solid
3,0,3,0,
3,0,3,0,300,0,

1,1,0,0,
1,1,0,0,300,0,

0,2,0,2,
0,2,0,2,300,0,

1,0,0,1,
1,0,0,1,300,0,

0,3,3,0,
0,3,3,0,300,0,

0,0,1,1,
0,0,1,1,300,0

#doubleink
fasttwinkle
3,0,3,0,
3,0,3,0,100,0,

0,0,0,0,
0,0,0,0,100,0,

3,0,3,0,
3,0,3,0,100,0,

0,0,0,0,
0,0,0,0,100,0,

1,1,0,0,
1,1,0,0,100,0,

0,0,0,0,
0,0,0,0,100,0,

1,1,0,0,
1,1,0,0,100,0,

0,0,0,0,
0,0,0,0,100,0,

0,2,0,2,
0,2,0,2,100,0,

0,0,0,0,
0,0,0,0,100,0,

0,2,0,2,
0,2,0,2,100,0,

0,0,0,0,
0,0,0,0,100,0,

1,0,0,1,
1,0,0,1,100,0,

0,0,0,0,
0,0,0,0,100,0,

1,0,0,1,
1,0,0,1,100,0,

0,0,0,0,
0,0,0,0,100,0,

0,3,3,0,
0,3,3,0,100,0,

0,0,0,0,
0,0,0,0,100,0,

0,3,3,0,
0,3,3,0,100,0,

0,0,0,0,
0,0,0,0,100,0,

0,0,1,1,
0,0,1,1,100,0,

0,0,0,0,
0,0,0,0,100,0,

0,0,1,1,
0,0,1,1,100,0,

0,0,0,0,
0,0,0,0,100,0
