0 off
1 yellow
2 green

spray green

#camo
wiggle
solid
1,2,1,2,
1,2,1,2,400,0,

2,1,2,1,
2,1,2,1,400,0

# ink
softtwinkle
1,2,2,1,
1,2,2,1,400,0,

2,2,1,1,
2,2,1,1,400,0,

1,1,2,2,
1,1,2,2,400,0,

2,1,1,2,
2,1,1,2,400,0,

1,1,2,2,
1,1,2,2,400,0

#doubleink
hardtwinkle

1,1,1,1,
1,1,2,2,300,0,

1,1,2,2,
1,1,2,2,300,0,

1,1,2,2,
1,2,2,1,300,0,

1,2,2,1,
1,2,2,1,300,0,

1,2,2,1,
1,1,1,1,300,0,

1,1,1,1,
2,2,1,1,300,0,

2,2,1,1,
1,1,2,2,300,0,

1,1,2,2,
1,1,2,2,300,0,

1,1,2,2,
1,1,1,1,300,0,

1,1,1,1,
1,2,2,1,300,0,

1,2,2,1,
1,2,2,1,300,0,

1,2,2,1,
1,1,1,1,300,0