0 off
1 red
2 blue
3 white

spray white

#camo
solid

1,1,2,2,
1,1,2,2,400, 200,

2,2,1,1,
2,2,1,1,400,200

#ink
solid
1,0,0,0,
1,0,0,0, 50, 25,

1,1,0,0,
1,1,0,0, 50, 25,

3,1,1,0,
3,1,1,0, 50, 25,

3,3,1,1,
3,3,1,1, 50, 25,

1,3,3,1,
1,3,3,1, 50, 25,

1,1,3,3,
1,1,3,3, 50, 25,

0,1,1,3,
0,1,1,3, 50, 25,

0,0,1,1,
0,0,1,1, 50, 25,

0,0,0,1,
0,0,0,1, 50, 25,

0,0,0,0,0,0,0,0,250,25

#doubleink
fasttwinkle
1,2,3,1,
2,3,2,2,300,0,

2,3,2,1,
1,2,1,3,300,0,

3,1,2,2,
2,3,2,1,300,0,

2,2,3,2,
3,1,2,3,300,0
