0 off
1 default
2 red
3 orange
4 yellow
5 green
6 blue
7 purple
8 pink

spray default

#camo
solid

0,0,0,0,
0,2,2,0,75,0,

0,0,0,0,
2,0,0,2,75,0,

2,0,0,2,
0,0,0,0,75,0,

0,2,2,0,
0,0,0,0,75,0,

0,0,0,0,
0,3,3,0,75,0,

0,0,0,0,
3,0,0,3,75,0,

3,0,0,3,
0,0,0,0,75,0,

0,3,3,0,
0,0,0,0,75,0,

0,0,0,0,
0,4,4,0,75,0,

0,0,0,0,
4,0,0,4,75,0,

4,0,0,4,
0,0,0,0,75,0,

0,4,4,0,
0,0,0,0,75,0,

0,0,0,0,
0,5,5,0,75,0,

0,0,0,0,
5,0,0,5,75,0,

5,0,0,5,
0,0,0,0,75,0,

0,5,5,0,
0,0,0,0,75,0,

0,0,0,0,
0,6,6,0,75,0,

0,0,0,0,
6,0,0,6,75,0,

6,0,0,6,
0,0,0,0,75,0,

0,6,6,0,
0,0,0,0,75,0,

0,0,0,0,
0,7,7,0,75,0,

0,0,0,0,
7,0,0,7,75,0,

7,0,0,7,
0,0,0,0,75,0,

0,7,7,0,
0,0,0,0,75,0

#ink
solid

0,2,0,0,
0,0,2,0,50,0,

0,0,2,0,
0,2,0,0,50,0,

0,0,0,2,
2,0,0,0,50,0,

2,0,0,0,
0,0,0,2,50,0,

0,3,0,0,
0,0,3,0,50,0,

0,0,3,0,
0,3,0,0,50,0,

0,0,0,3,
3,0,0,0,50,0,

3,0,0,0,
0,0,0,3,50,0,

0,4,0,0,
0,0,4,0,50,0,

0,0,4,0,
0,4,0,0,50,0,

0,0,0,4,
4,0,0,0,50,0,

4,0,0,0,
0,0,0,4,50,0,

0,5,0,0,
0,0,5,0,50,0,

0,0,5,0,
0,5,0,0,50,0,

0,0,0,5,
5,0,0,0,50,0,

5,0,0,0,
0,0,0,5,50,0,

0,6,0,0,
0,0,6,0,50,0,

0,0,6,0,
0,6,0,0,50,0,

0,0,0,6,
6,0,0,0,50,0,

6,0,0,0,
0,0,0,6,50,0,

0,7,0,0,
0,0,7,0,50,0,

0,0,7,0,
0,7,0,0,50,0,

0,0,0,7,
7,0,0,0,50,0,

7,0,0,0,
0,0,0,7,50,0,

0,8,0,0,
0,0,8,0,50,0,

0,0,8,0,
0,8,0,0,50,0,

0,0,0,8,
8,0,0,0,50,0,

8,0,0,0,
0,0,0,8,50,0

#doubleink
#utramegalights
fasttwinkle

1,2,3,4,
8,7,6,5,50,0,

8,1,2,3,
7,6,5,4,50,0,

7,8,1,2,
6,5,4,3,50,0,

6,7,8,1,
5,4,3,2,50,0,

5,6,7,8,
4,3,2,1,50,0,

4,5,6,7,
3,2,1,8,50,0,

3,4,5,6,
2,1,8,7,50,0,

2,3,4,5,
1,8,7,6,50,0