0 off
1 red
2 yellow
3 magenta

spray magenta

#camo
wiggle
solid
1,3,2,3,
1,3,2,3,800,150,

2,1,2,3,
2,1,2,3,800,150,

1,2,3,2,
1,2,3,2,800,150,

3,2,3,1,
3,2,3,1,800,150,

1,3,1,2,
1,3,1,2,800,150,

2,1,2,3,
2,1,2,3,800,150,

3,2,1,2,
3,2,1,2,800,150

#ink
solid
3,0,3,0,
3,0,3,0,300,0,

1,1,0,0,
1,1,0,0,300,0,

0,2,0,2,
0,2,0,2,300,0,

1,0,0,1,
1,0,0,1,300,0,

0,3,3,0,
0,3,3,0,300,0,

0,0,1,1,
0,0,1,1,300,0

#doubleink
fasttwinkle
3,0,3,0,
3,0,3,0,100,0,

0,0,0,0,
0,0,0,0,100,0,

3,0,3,0,
3,0,3,0,100,0,

0,0,0,0,
0,0,0,0,100,0,

1,1,0,0,
1,1,0,0,100,0,

0,0,0,0,
0,0,0,0,100,0,

1,1,0,0,
1,1,0,0,100,0,

0,0,0,0,
0,0,0,0,100,0,

0,2,0,2,
0,2,0,2,100,0,

0,0,0,0,
0,0,0,0,100,0,

0,2,0,2,
0,2,0,2,100,0,

0,0,0,0,
0,0,0,0,100,0,

1,0,0,1,
1,0,0,1,100,0,

0,0,0,0,
0,0,0,0,100,0,

1,0,0,1,
1,0,0,1,100,0,

0,0,0,0,
0,0,0,0,100,0,

0,3,3,0,
0,3,3,0,100,0,

0,0,0,0,
0,0,0,0,100,0,

0,3,3,0,
0,3,3,0,100,0,

0,0,0,0,
0,0,0,0,100,0,

0,0,1,1,
0,0,1,1,100,0,

0,0,0,0,
0,0,0,0,100,0,

0,0,1,1,
0,0,1,1,100,0,

0,0,0,0,
0,0,0,0,100,0
