0 off
1 default
2 red
3 orange
4 yellow
5 green
6 blue
7 purple

spray default

#camo
#new badge in range
solid

2,0,0,0,
2,0,0,0,75,0,

0,0,0,2,
0,0,0,2,75,0,

3,0,0,0,
3,0,0,0,75,0,

0,0,0,3,
0,0,0,3,75,0,

4,0,0,0,
4,0,0,0,75,0,

0,0,0,4,
0,0,0,4,75,0,

5,0,0,0,
5,0,0,0,75,0,

0,0,0,5,
0,0,0,5,75,0,

6,0,0,0,
6,0,0,0,75,0,

0,0,0,6,
0,0,0,6,75,0,

7,0,0,0,
7,0,0,0,75,0,

0,0,0,7,
0,0,0,7,75,0


#ink
#mate with a badge seen before
solid

1,2,2,1,
1,2,2,1,2000,600,

7,1,1,7,
7,1,1,7,0,600,

1,1,1,1,
1,1,1,1,1000,0

#doubleink
#mate with someone new
solid

1,2,2,1,
1,2,2,1,2000,600,

7,1,1,7,
7,1,1,7,0,600,

1,1,1,1,
1,1,1,1,1000,0,

2,0,0,0,
2,0,0,0,50,0,

0,0,2,0,
0,0,2,0,50,0,

2,0,0,0,
2,0,0,0,50,0,

0,0,2,0,
0,0,2,0,50,0,

0,3,0,0,
0,3,0,0,50,0,

0,0,0,3,
0,0,0,3,50,0,

0,3,0,0,
0,3,0,0,50,0,

0,0,4,0,
0,0,4,0,50,0,

4,0,0,0,
4,0,0,0,50,0,

0,0,4,0,
0,0,4,0,50,0,

4,0,0,0,
4,0,0,0,50,0,

0,5,0,0,
0,5,0,0,50,0,

0,0,0,5,
0,0,0,5,50,0,

0,6,0,0,
0,6,0,0,50,0,

0,0,0,6,
0,0,0,6,50,0,

0,5,0,0,
0,5,0,0,50,0,

0,0,0,5,
0,0,0,5,50,0,

0,6,0,0,
0,6,0,0,50,0,

0,0,0,6,
0,0,0,6,50,0,

6,0,0,0,
6,0,0,0,50,0,

0,0,6,0,
0,0,6,0,50,0,

7,0,0,0,
7,0,0,0,50,0,

0,0,7,0,
0,0,7,0,50,0,

6,0,0,0,
6,0,0,0,50,0,

0,0,6,0,
0,0,6,0,50,0,

7,0,0,0,
7,0,0,0,50,0,

0,0,7,0,
0,0,7,0,50,0,

7,0,0,0,
7,0,0,0,50,0,

0,0,0,7,
0,0,0,7,50,0,

7,0,0,0,
7,0,0,0,50,0,

0,0,0,7,
0,0,0,7,50,0
