0 off
1 default

spray default

#camo
solid

0,0,0,0,
0,0,0,0,50,100,

0,1,0,0,
0,0,0,0,100,100,

0,1,0,0,
0,1,0,0,100,100,

0,0,0,0,
0,1,0,0,100,100,

0,0,0,0,
0,0,0,0,100,100,

0,0,0,0,
0,0,0,0,100,100,

0,0,0,0,
0,0,0,0,100,100

#ink
solid

0,0,0,0,
0,0,0,0,50,100,

0,0,0,0,
0,0,0,0,100,100,

0,0,0,0,
0,0,0,0,100,100,

0,0,0,0,
0,0,1,0,100,100,

0,0,1,0,
0,0,1,0,100,100,

0,0,1,0,
0,0,0,0,100,100,

0,0,0,0,
0,0,0,0,100,100

#doubleink
solid
0,0,0,0,
0,0,0,0,50,50,

1,0,0,1,
0,0,0,0,50,50,

1,0,0,1,
1,0,0,1,50,50,

0,0,0,0,
1,0,0,1,50,50,

0,0,0,0,
0,0,0,0,0,50