1 yellow
2 purple
3 off

#camo
fast_twinkle
2,1,1,2,
1,2,2,1,0,1000,

1,2,1,2,
2,1,2,1,0,1000,

1,1,2,1,
2,1,2,2,0,1000,

2,2,1,2,
1,2,2,1,0,1000

#ink
solid
2,1,1,2,
1,2,2,1,0,400,

1,2,1,2,
2,1,2,1,0,400,

1,1,2,1,
2,1,2,2,0,400,

2,2,1,2,
1,2,2,1,0,400

#doubleink
fast_twinkle

2,1,1,2,
1,2,2,1,300, 0,

3,3,3,3,
3,3,3,3,300,0,

1,2,1,2,
2,1,2,1,300, 0,

3,3,3,3,
3,3,3,3,300,0,

1,1,2,1,
2,1,2,2,300, 0,

3,3,3,3,
3,3,3,3,300,0,

2,2,1,2,
1,2,2,1,300, 0
