0 off
1 red
2 darkorange
3 green
4 magenta
5 blue
6 white

#camo
solid
1,0,0,0,
1,0,0,0,0,200,

0,1,0,0,
0,1,0,0,0,200,

0,0,1,0,
0,0,1,0,0,200,

0,0,0,1,
0,0,0,1,0,200,

0,0,0,0,
0,0,0,0,0,400,

0,0,0,0,
2,2,2,2,0,420,

2,2,2,2,
0,0,0,0,0,420,

0,0,0,0,
0,0,0,0,0,200,

3,3,3,3,
0,0,0,0,0,420,

0,0,0,0,
3,3,3,3,0,420,

0,0,0,0,
0,0,0,0,0,300,

0,0,0,4,
0,0,0,4,0,200,

0,0,4,0,
0,0,4,0,0,200,

0,4,0,0,
0,4,0,0,0,200,

4,0,0,0,
4,0,0,0,0,200,

0,0,0,0,
0,0,0,0,0,420,

0,0,0,0,
5,0,0,0,0,200,

5,0,0,0,
0,5,0,0,0,200,

0,5,0,0,
0,0,5,0,0,200,

0,0,5,0,
0,0,0,5,0,200,

0,0,0,5,
0,0,0,0,0,200,

0,0,0,0,
0,0,0,0,0,400,

6,6,6,6,
0,0,0,0,0,420,

0,0,0,0,
6,6,6,6,0,420,

0,0,0,0,
0,0,0,0,0,300

#ink
solid
0,0,0,0,
1,1,1,1,0,100,

1,1,1,1,
0,0,0,0,0,100,

0,0,0,0,
0,0,0,0,400,0,

0,0,0,0,
2,2,2,2,0,100,

2,2,2,2,
0,0,0,0,0,100,

0,0,0,0,
0,0,0,0,400,0,

0,0,0,0,
3,3,3,3,0,100,

3,3,3,3,
0,0,0,0,0,100,

0,0,0,0,
0,0,0,0,400,0,

0,0,0,0,
4,4,4,4,0,100,

4,4,4,4,
0,0,0,0,0,100,

0,0,0,0,
0,0,0,0,400,0,

0,0,0,0,
5,5,5,5,0,100,

5,5,5,5,
0,0,0,0,0,100,

0,0,0,0,
0,0,0,0,400,0,

0,0,0,0,
6,6,6,6,0,100,

6,6,6,6,
0,0,0,0,0,100,

0,0,0,0,
0,0,0,0,400,0

#doubleink
solid

0,0,0,0,
1,1,1,1,0,100,

1,1,1,1,
0,0,0,0,0,100,

0,0,0,0,
0,0,0,0,100,0,

0,0,0,0,
2,2,2,2,0,100,

2,2,2,2,
0,0,0,0,0,100,

0,0,0,0,
0,0,0,0,100,0,

0,0,0,0,
3,3,3,3,0,100,

3,3,3,3,
0,0,0,0,0,100,

0,0,0,0,
0,0,0,0,100,0,

0,0,0,0,
4,4,4,4,0,100,

4,4,4,4,
0,0,0,0,0,100,

0,0,0,0,
0,0,0,0,100,0,

0,0,0,0,
5,5,5,5,0,100,

5,5,5,5,
0,0,0,0,0,100,

0,0,0,0,
0,0,0,0,100,0,

0,0,0,0,
6,6,6,6,0,100,

6,6,6,6,
0,0,0,0,0,100,

0,0,0,0,
0,0,0,0,100,0


