1 red
2 orange
3 yellow
4 green
5 blue
6 purple

spray purple

# CAMO
wiggle
solid
1, 2, 3, 4, 
1, 2, 3, 4,
100, 150,
6, 1, 2, 3,
6, 1, 2, 3,
100, 150,
5, 6, 1, 2,
5, 6, 1, 2,
100, 150,
4, 5, 6, 1,
4, 5, 6, 1,
100, 150,
3, 4, 5, 6,
3, 4, 5, 6,
100, 150,
2, 3, 4, 5,
2, 3, 4, 5,
100, 150

# SINGLEINK
solid
1,1,2,2,
1,1,2,2,50,0,

1,2,2,3,
1,2,2,3,50,0,

2,2,3,3,
2,2,3,3,50,0,

2,3,3,4,
2,3,3,4,50,0,

3,3,4,4,
3,3,4,4,50,0,

3,4,4,5,
3,4,4,5,50,0,

4,4,5,5,
4,4,5,5,50,0,

4,5,5,6,
4,5,5,6,50,0,

5,5,6,6,
5,5,6,6,50,0,

5,6,6,1,
5,6,6,1,50,0,

6,6,1,1,
6,6,1,1,50,0,

6,1,1,2,
6,1,1,2,50,0

#doubleink
fasttwinkle

2,1,1,2,
2,1,1,2,0,75,

3,2,2,3,
3,2,2,3,0,75,

4,3,3,4,
4,3,3,4,0,75,

5,4,4,5,
5,4,4,5,0,75,

6,5,5,6,
6,5,5,6,0,75,

1,6,6,1,
1,6,6,1,0,75