1 default
2 DODGERBLUE
3 blue
4 aquamarine

spray blue

#camo
solid

1,2,2,1,
2,3,3,2,600,300,

2,3,3,2,
3,4,4,3,200,300,

3,4,4,3,
4,1,1,4,200,300,

4,1,1,4,
1,2,2,1,600,300,

3,4,4,3,
4,1,1,4,200,300,

2,3,3,2,
3,4,4,3,200,300

#ink
slowtwinkle
1,2,2,1,
2,3,3,2,0,300,

2,3,3,2,
3,4,4,3,0,300,

3,4,4,3,
4,1,1,4,0,300,

4,1,1,4,
1,2,2,1,0,300


#doubleink
fasttwinkle

1,1,2,2,
1,2,2,3,0,200,

1,2,2,3,
2,2,3,3,0,200,

2,2,3,3,
2,3,3,4,0,200,

2,3,3,4,
3,3,4,4,0,200,

3,3,4,4,
3,4,4,1,0,200,

3,4,4,1,
4,4,1,1,0,200,

4,4,1,1,
4,1,1,2,0,200,

4,1,1,2,
1,1,2,2,0,200