1 red
2 orange
3 yellow
4 green
5 blue
6 purple
fast_twinkle

# CAMO
1, 2, 3, 4, 5, 6, 1, 2,
100, 150,
2, 3, 4, 5, 6, 1, 2, 3,
100, 150,
3, 4, 5, 6, 1, 2, 3, 4,
100, 150,
4, 5, 6, 1, 2, 3, 4, 5,
100, 150,
5, 6, 1, 2, 3, 4, 5, 6,
100, 150,
6, 1, 2, 3, 4, 5, 6, 1,
100, 150

# SINGLEINK
3,3,3,3,
2,2,2,2,6000,0

# DOUBLEINK
# ORDER: 1, 3, 2, 4
1, 4, 2, 3, 
4, 2, 3, 1, 50, 50,
4, 2, 3, 1,
2, 3, 1, 4, 50, 50,
2, 3, 1, 4,
3, 1, 4, 2, 50, 50,
3, 1, 4, 2,
1, 4, 2, 3, 50, 50