0 off
1 default
2 red

spray red

#camo
hardtwinkle
2,2,2,2,
2,2,2,2,1000,0

#singleink
solid
2,2,2,2,
2,2,2,2,3000,0,

0,0,0,0,
0,0,0,0,100,0,

2,2,2,2,
2,2,2,2,50,0,

0,0,0,0,
0,0,0,0,100,0,

2,2,2,2,
2,2,2,2,150,0,

0,0,0,0,
0,0,0,0,300,0,

2,2,2,2,
2,2,2,2,1500,0,

0,0,0,0,
0,0,0,0,50,0,

2,2,2,2,
2,2,2,2,50,0,

0,0,0,0,
0,0,0,0,50,0,

2,2,2,2,
2,2,2,2,1500,0,

0,0,0,0,
0,0,0,0,30000,0


#doubleink
solid
2,2,2,2,
2,2,2,2,3000,0,

0,0,0,0,
0,0,0,0,50,0,

2,2,2,2,
2,2,2,2,50,0,

0,0,0,0,
0,0,0,0,50,0,

2,2,2,2,
2,2,2,2,50,0,

0,0,0,0,
0,0,0,0,50,0,

2,2,2,2,
2,2,2,2,1500,0,

0,0,0,0,
0,0,0,0,50,0,

2,2,2,2,
2,2,2,2,50,0,

0,0,0,0,
0,0,0,0,50,0,

2,2,2,2,
2,2,2,2,2500,0,

0,0,0,0,
0,0,0,0,30000,0
