1 red
2 orange
3 yellow
4 green
5 blue
6 purple

spray yellow

#camo
solid

1,1,1,1,
1,1,1,1,0,1000,

2,2,2,2,
2,2,2,2,0,1000,

3,3,3,3,
3,3,3,3,0,1000,

4,4,4,4,
4,4,4,4,0,1000,

5,5,5,5,
5,5,5,5,0,1000,

6,6,6,6,
6,6,6,6,0,1000

#singleink
fasttwinkle
1,1,1,1,
1,1,1,1,0,100,

2,2,2,2,
2,2,2,2,0,100,

3,3,3,3,
3,3,3,3,0,100,

4,4,4,4,
4,4,4,4,0,100,

5,5,5,5,
5,5,5,5,0,100,

6,6,6,6,
6,6,6,6,0,100

#doubleink
hardtwinkle
1,1,1,1,
1,1,1,1,0,75,

2,2,2,2,
2,2,2,2,0,75,

3,3,3,3,
3,3,3,3,0,75,

4,4,4,4,
4,4,4,4,0,75,

5,5,5,5,
5,5,5,5,0,75,

6,6,6,6,
6,6,6,6,0,75

