0 off
1 b1
2 b2
3 b3
4 b4

spray b1

#camo
solid

3,0,0,3,
0,0,0,0,50,180,

3,3,3,3,
3,0,0,3,50,180,

2,3,3,2,
3,3,3,3,50,180,

2,2,2,2,
2,3,3,2,50,180,

2,2,2,2,
2,2,2,2,50,180,

1,2,2,1,
2,2,2,2,50,180,

0,1,1,0,
1,2,2,1,50,180,

0,0,0,0,
0,1,1,0,50,180

#ink
solid

3,0,0,3,
0,0,0,0,50,180,

3,3,3,3,
3,0,0,3,50,180,

2,3,3,2,
3,3,3,3,50,180,

2,2,2,2,
2,3,3,2,50,180,

2,2,2,2,
2,2,2,2,50,180,

1,2,2,1,
2,2,2,2,50,180,

0,1,1,0,
1,2,2,1,50,180,

0,0,0,0,
0,1,1,0,50,180



#doubleink
solid

3,0,0,3,
0,0,0,0,50,180,

3,3,3,3,
3,0,0,3,50,180,

2,3,3,2,
3,3,3,3,50,180,

2,2,2,2,
2,3,3,2,50,180,

2,2,2,2,
2,2,2,2,50,180,

1,2,2,1,
2,2,2,2,50,180,

0,1,1,0,
1,2,2,1,50,180,

0,0,0,0,
0,1,1,0,50,180