0 off
1 bipink
2 biblue
3 blue

spray bipink

#camo
solid

0,0,0,1,
0,0,0,1,50,180,

0,0,1,1,
0,0,1,1,50,180,

0,1,1,1,
0,1,1,1,50,180,

1,1,1,2,
1,1,1,2,50,180,

1,1,2,2,
1,1,2,2,50,180,

1,2,2,3,
1,2,2,3,50,180,

2,2,3,3,
2,2,3,3,50,180,

3,3,3,0,
3,3,3,0,50,180,

3,3,0,0,
3,3,0,0,50,180,

3,0,0,0,
3,0,0,0,50,180

#ink
slowtwinkle

3,3,3,3,
3,3,3,3,0,1000,

3,3,2,2,
3,3,3,3,0,1000,

2,2,1,1,
3,3,2,2,0,1000,

1,1,1,1,
2,2,1,1,0,1000,

1,1,1,1,
1,1,1,1,500,1000,

1,1,1,1,
1,1,2,2,0,1000,

1,1,2,2,
2,2,3,3,0,1000,

2,2,3,3,
3,3,3,3,0,1000



#doubleink
slowtwinkle

3,3,3,3,
3,3,3,3,0,1000,

3,3,2,2,
3,3,3,3,0,1000,

2,2,1,1,
3,3,2,2,0,1000,

1,1,1,1,
2,2,1,1,0,1000,

1,1,1,1,
1,1,1,1,500,1000,

1,1,1,1,
1,1,2,2,0,1000,

1,1,2,2,
2,2,3,3,0,1000,

2,2,3,3,
3,3,3,3,0,1000